[gd_scene load_steps=8 format=3 uid="uid://jijbi5ttpxdb"]

[ext_resource type="Script" path="res://Script/free_look_camera.gd" id="1_btr0u"]
[ext_resource type="Script" path="res://Script/navigator.gd" id="2_4p7tu"]

[sub_resource type="SphereMesh" id="SphereMesh_u7pyn"]

[sub_resource type="NavigationMesh" id="NavigationMesh_6e5ih"]
vertices = PackedVector3Array(-29.5, 0.5, 0, -1.5, 0.5, 0, -1.5, 0.5, -1.25, -1.75, 0.5, -29.5, -29.5, 0.5, -29.5, -0.25, 0.5, 0, 0.5, 0.5, 0, 0.75, 0.5, -0.25, 1, 0.5, -1.25, -0.5, 0.5, -1.75, 2, 0.5, -1.25, 3.5, 0.5, -2.25, -1.25, 0.5, -1.75, 3.5, 0.5, 0.25, 4, 0.5, 0, 4.25, 0.5, -2.5, 4.25, 0.5, -29.5, 5, 0.5, -2.25, 7.25, 0.5, 4.5, 29.5, 0.5, 4.5, 29.5, 0.5, -29.5, 3.75, 0.5, 1.25, 4.5, 0.5, 1.25, 6, 0.5, 5.25, 4.25, 0.5, 5, 0.75, 0.5, 5.25, 0.25, 0.5, 29.5, 7.5, 0.5, 29.5, 3, 0.5, 2.25, 2.5, 0.5, 1.5, 4, 0.5, 4, 4.25, 0.5, 3.5, 3, 0.5, 3.25, 1.75, 0.5, 3.75, 2.25, 0.5, 2.5, 1.5, 0.5, 2.75, 2.25, 0.5, 1.75, 5, 0.5, 2.75, 7, 0.5, 5.25, 7.25, 0.5, 4.75, 0.5, 0.5, 4.75, -0.5, 0.5, 1.75, -1.5, 0.5, 1.5, -29.5, 0.5, 29.5, 29.5, 0.5, 29.5)
polygons = [PackedInt32Array(1, 0, 2), PackedInt32Array(2, 0, 3), PackedInt32Array(3, 0, 4), PackedInt32Array(6, 5, 7), PackedInt32Array(7, 5, 8), PackedInt32Array(8, 5, 9), PackedInt32Array(8, 9, 10), PackedInt32Array(10, 9, 11), PackedInt32Array(3, 12, 2), PackedInt32Array(13, 10, 14), PackedInt32Array(14, 10, 11), PackedInt32Array(9, 12, 11), PackedInt32Array(11, 12, 15), PackedInt32Array(15, 12, 16), PackedInt32Array(16, 12, 3), PackedInt32Array(19, 18, 17), PackedInt32Array(17, 15, 19), PackedInt32Array(19, 15, 16), PackedInt32Array(19, 16, 20), PackedInt32Array(13, 14, 21), PackedInt32Array(21, 14, 22), PackedInt32Array(24, 23, 25), PackedInt32Array(25, 23, 26), PackedInt32Array(26, 23, 27), PackedInt32Array(29, 21, 28), PackedInt32Array(28, 21, 22), PackedInt32Array(31, 30, 32), PackedInt32Array(32, 30, 33), PackedInt32Array(35, 34, 33), PackedInt32Array(33, 34, 32), PackedInt32Array(36, 29, 34), PackedInt32Array(34, 29, 28), PackedInt32Array(34, 28, 32), PackedInt32Array(30, 31, 24), PackedInt32Array(24, 31, 37), PackedInt32Array(24, 37, 23), PackedInt32Array(36, 6, 29), PackedInt32Array(29, 6, 7), PackedInt32Array(23, 38, 27), PackedInt32Array(38, 39, 27), PackedInt32Array(26, 40, 25), PackedInt32Array(41, 40, 42), PackedInt32Array(42, 40, 26), PackedInt32Array(42, 26, 43), PackedInt32Array(42, 43, 0), PackedInt32Array(0, 1, 42), PackedInt32Array(18, 19, 39), PackedInt32Array(39, 19, 27), PackedInt32Array(27, 19, 44)]

[sub_resource type="PlaneMesh" id="PlaneMesh_12i72"]

[sub_resource type="CapsuleMesh" id="CapsuleMesh_55hc5"]

[sub_resource type="CapsuleShape3D" id="CapsuleShape3D_dd48i"]

[node name="Maze" type="Node3D"]

[node name="Camera" type="Node3D" parent="."]

[node name="Camera3D" type="Camera3D" parent="Camera"]
transform = Transform3D(-0.290051, 0, 0.957011, 0, 1, 0, -0.957011, 0, -0.290051, 7.73275, 1.3, 0)
script = ExtResource("1_btr0u")

[node name="Ball" type="Node3D" parent="."]

[node name="MeshInstance3D" type="MeshInstance3D" parent="Ball"]
transform = Transform3D(0.1, 0, 0, 0, 0.1, 0, 0, 0, 0.1, 5.24477, 0.13318, 0)
mesh = SubResource("SphereMesh_u7pyn")

[node name="NavigationRegion3D" type="NavigationRegion3D" parent="."]
navigation_mesh = SubResource("NavigationMesh_6e5ih")

[node name="WallsAndFloors" type="Node3D" parent="NavigationRegion3D"]

[node name="CSGBox3D" type="CSGBox3D" parent="NavigationRegion3D/WallsAndFloors"]
transform = Transform3D(1, 0, 0, 0, 1, 0, 0, 0, 1, -0.860029, 0, 0)
size = Vector3(0.1, 1, 2.145)

[node name="CSGBox3D3" type="CSGBox3D" parent="NavigationRegion3D/WallsAndFloors"]
transform = Transform3D(0.653421, 0, 0.756995, 0, 1, 0, -0.756995, 0, 0.653421, 0.747561, 0, 1.44322)
size = Vector3(0.1, 1, 2.145)

[node name="CSGBox3D5" type="CSGBox3D" parent="NavigationRegion3D/WallsAndFloors"]
transform = Transform3D(0.653421, 0, 0.756995, 0, 1, 0, -0.756995, 0, 0.653421, 2.16664, 0, 0.133503)
size = Vector3(0.1, 1, 2.145)

[node name="CSGBox3D12" type="CSGBox3D" parent="NavigationRegion3D/WallsAndFloors"]
transform = Transform3D(0.0339575, 0, 0.999423, 0, 1, 0, -0.999423, 0, 0.0339575, 2.5802, 0, 4.58556)
size = Vector3(0.1, 1, 2.19217)

[node name="CSGBox3D13" type="CSGBox3D" parent="NavigationRegion3D/WallsAndFloors"]
transform = Transform3D(0.939585, 0, 0.342315, 0, 1, 0, -0.342315, 0, 0.939585, 0.701311, 0, 3.00524)
size = Vector3(0.1, 1, 3.35138)

[node name="CSGBox3D14" type="CSGBox3D" parent="NavigationRegion3D/WallsAndFloors"]
transform = Transform3D(0.939585, 0, 0.342315, 0, 1, 0, -0.342315, 0, 0.939585, 5.35004, 0, 1.39121)
size = Vector3(0.1, 1, 6.78702)

[node name="CSGBox3D16" type="CSGBox3D" parent="NavigationRegion3D/WallsAndFloors"]
transform = Transform3D(0.567628, 0, -0.823285, 0, 1, 0, 0.823285, 0, 0.567628, 4.3642, 0, 2.27056)
size = Vector3(0.1, 1, 1.8574)

[node name="Floor" type="MeshInstance3D" parent="NavigationRegion3D/WallsAndFloors"]
transform = Transform3D(30, 0, 0, 0, 30, 0, 0, 0, 30, 0, 0, 0)
mesh = SubResource("PlaneMesh_12i72")
skeleton = NodePath("../../..")

[node name="Navigator" type="CharacterBody3D" parent="."]
transform = Transform3D(0.1, 0, 0, 0, 0.1, 0, 0, 0, 0.1, 0, 0.155818, 0)
script = ExtResource("2_4p7tu")

[node name="MeshInstance3D" type="MeshInstance3D" parent="Navigator"]
mesh = SubResource("CapsuleMesh_55hc5")

[node name="CollisionShape3D" type="CollisionShape3D" parent="Navigator"]
shape = SubResource("CapsuleShape3D_dd48i")

[node name="NavigationAgent3D" type="NavigationAgent3D" parent="Navigator"]
